 1    o        22759       15.99
 2    y        16273       11.44
 3    e        13649        9.59
 4    a        11867        8.34
 5    d        11731        8.24
 6    ch       10035        7.05
 7    l         9328        6.56
 8    k         8720        6.13
 9    r         6642        4.67
10    i         5331        3.75
11    t         5310        3.73
12    q         4908        3.45
13    n         4576        3.22
14    sh        4140        2.91
15    s         2320        1.63
16    p         1202        0.84
17    m          993        0.70
18    cth        865        0.61
19    ckh        833        0.59
20    f          339        0.24
21    cph        187        0.13
22    g           78        0.05
23    cfh         63        0.04
24    ckhh        27        0.02
25    ikh         26        0.02
26    x           23        0.02
27    cthh        19        0.01
28    ith         19        0.01
29    cphh        12        0.01
30    cfhh         5        0.00
31    iph          5        0.00
32    ifh          4        0.00
33    ithh         2        0.00
34    iphh         2        0.00
35    ifhh         2        0.00
36    ikhh         1        0.00
142296
